73
451
883
1011
1113
1834
2251
4180
4423
4513
4972
5066
5869
6476
6736
6864
6986
7589
7614
7686
7870
8237
8402
8453
8517
8548
8628
9006
9381
9508
9869
10248
10505
10660
10947
11281
11341
11376
11651
11962
12046
12168
12492
12499
12632
12709
12748
12975
13017
13392
13412
13482
13808
13907
13908
13916
13937
13945
13953
13972
13994
14226
14313
14432
14554
14574
14602
14676
14773
15282
15416
15439
15658
15672
15809
15970
15985
16320
16559
16736
16900
17116
17157
17173
17278
17427
17669
17895
17928
17935
18026
18439
18544
18915
18929
19071
19163
19452
19469
19659
19802
19848
19909
20060
20621
20910
20918
21139
21959
22061
22151
22488
22719
22909
23040
23299
23381
23700
24230
24864
24901
25118
25414
26545
27143
27730
27937
28397
28594
28689
29107
29460
29508
29563
29637
30699
30886
30911
31044
31049
31839
35507
38202
38769
40443
40503
40626
42450
43827
44180
44770
44832
45159
45216
45407
45472
45791
46096
46416
48196
48229
48235
48680
48732
50428
51299
51988
52084
52851
53300
53995
55736
56421
57633
58052
58631
58756
59871
60096
60699
60863
61244
61425
61435
61530
61710
61735
62401
62545
64579
65867
66394
66768
69328
71687
71720
71721
71739
72135
73085
73087
73090
73094
73108
73111
73115
73703
75416
76343
77864
84592
85842
86753
86851
86867
87647
87828
88468
90345
92561
93554
93555
93969
94052
94314
94610
95046
97110
99564
99842
100574
102701
103608
104584
104592
105750
106792
107861
108819
109458
110180
112800
115436
115521
115674
115979
116225
118588
119227
120632
121761
122485
122793
125018
127309
127726
129046
132582
134174
134307
134941
138007
138429
138838
139076
139299
141953
142265
142746
142915
143526
146619
146965
148625
151958
152772
154593
156556
156641
156948
157316
157960
160033
161398
161749
163172
163438
164770
165853
168079
168242
169215
170453
170504
171625
172071
172074
177117
177506
178960
179289
180750
181217
182140
183139
187341
189355
190181
191863
192862
193848
193963
194328
195729
196421
198100
199244
200961
201294
203057
208707
210429
213347
213601
215690
216170
217051
218555
219331
219873
221662
222056
223657
225796
226896
227077
227221
227730
227930
227998
228261
228773
229635
229636
229637
233483
233893
237036
237902
240490
242535
243814
245137
245677
246415
248743
249655
250350
250837
252460
252571
253623
254429
254545
256688
256915
257492
258100
261744
262178
263398
263815
264155
264501
264623
266161
267448
268036
268619
269403
270296
270682
271305
272679
274736
276794
277449
278888
283276
285805
286608
287929
289884
290076
290138
293012
296853
296854
296859
297128
298572
302347
304830
305310
305585
305586
305588
305597
305609
305654
307377
308921
309516
310911
312038
312046
312049
312050
313361
315317
317057
319324
321320
322728
323364
328284
328289
328604
328634
329782
330125
330912
331723
332839
334180
336032
336266
337140
337803
337824
337889
338245
338722
339250
339486
340805
341935
342063
344782
345033
346013
347278
347280
347385
347830
348055
349703
349747
349982
351592
351940
353643
357398
359583
359712
360572
360757
360830
361077
361545
363480
364243
364923
364924
364961
365117
365373
365411
365435
365540
366359
367549
371889
373059
373602
376632
377137
379804
382768
383599
383707
385342
385598
386458
391081
393043
393308
396059
396816
397132
397572
397812
399848
400781
401177
401572
402177
402525
402795
404224
405173
405245
407094
408726
408898
409261
410510
413668
413902
415248
416972
417000
417149
417697
419857
421565
422850
423024
424386
424415
424489
425077
428724
429770
429789
430057
430198
430329
430576
431225
432335
433003
433909
434161
434676
434899
434910
436217
439405
440022
440223
440586
440939
444912
445671
447641
448789
451498
452406
455009
456738
459545
459733
459887
460220
462253
464279
464985
465016
467512
468693
469181
470445
471695
471801
474428
474805
477016
480629
481476
482616
483281
485138
489490
489941
489944
490699
491083
492614
494266
494564
494674
495595
495765
495873
496266
496587
500961
501179
502629
502630
502632
502707
502886
503410
503515
504115
504761
506336
506775
508369
508459
508481
508603
508698
508714
508715
508887
508890
508897
508909
508986
508989
509007
509008
509023
509030
509065
509178
509265
509308
509325
509349
509407
509409
509411
509424
509425
509564
509578
509587
509600
509614
509640
509647
509662
509673
509674
509851
510492
510512
511079
511128
511156
512499
512603
513760
514114
519400
519742
520613
521826
521924
523810
524788
527115
527530
527964
528451
528937
530196
530685
531649
531961
533403
534053
535146
535525
536290
536741
537125
537330
537503
538710
546735
548537
553273
554447
556973
558254
562607
563796
567804
567876
568144
568787
568846
569287
569838
571998
572105
572851
573412
573967
574185
574639
575459
575544
578668
579937
580231
580488
580653
581128
584204
584468
584631
585031
585169
585192
585315
585562
586552
586761
587008
587499
587502
587505
587629
588160
588940
591857
593138
593238
594295
594977
595025
595687
595774
601372
601404
601801
602866
603222
603386
603940
604177
604325
608365
611792
612421
612549
616172
619726
622594
623365
623741
624129
624645
625399
626515
627833
628556
628667
629267
630056
630185
632146
632561
632664
634128
634261
637185
637535
638512
639419
639580
639968
640591
640736
640766
642038
642131
642509
642614
645008
647055
649747
652259
655022
655527
655726
657736
657961
659431
659627
660318
661157
661160
663280
663507
663802
664102
666794
667327
667837
668115
669636
670350
670669
675497
675500
675659
676219
679833
680743
681512
683332
685044
686228
686240
687065
687078
687105
688924
690054
690448
691619
693001
693575
693988
694090
699305
700950
703258
703377
703548
704733
709938
710791
711197
712125
712382
712659
713792
714396
718321
719063
719116
719785
721495
723607
726698
727253
728810
729183
729994
730349
730687
733164
733811
734092
734748
736572
738158
738610
739050
739688
739991
740453
745293
745554
745649
747356
749178
750328
750910
751547
751982
752055
753514
754821
755861
757001
759398
759487
760262
762189
763402
763572
763888
765782
768366
770683
772795
772832
774289
774704
778390
779155
779168
779532
779886
779904
780178
780223
784260
784263
784611
786800
787075
787589
790216
790331
790446
791257
795766
797974
797977
798233
798237
800082
805290
807196
807258
807613
807884
809015
810101
810966
811418
812000
812629
815477
815702
816835
817228
818377
819272
821967
822703
824274
827799
829444
831215
832152
832480
832562
836074
836098
836100
836567
836798
839901
840584
840961
845064
847112
847113
848261
848291
848849
850550
853213
853292
855081
855414
859130
863052
863532
865864
866543
869066
870381
871694
873316
874923
875024
877843
877852
878370
878501
878760
879854
881107
881596
881941
882481
882517
886998
887627
888972
889482
890227
890453
890726
891080
891321
891446
891999
892339
893652
896448
902543
904824
906512
909038
909176
910013
910896
913053
913205
913565
919058
919482
921523
923839
924598
924954
926751
926861
927841
928633
929055
930890
931378
931817
934281
938372
938787
942640
942756
947813
949139
950200
950361
951578
953441
953582
953590
954037
954663
955616
956123
956143
957142
958023
958115
962717
963155
963156
963339
964628
966690
968005
968881
970688
972005
973057
977985
978001
978006
978085
978343
978737
978857
981132
983574
984628
984686
985599
986851
992960
994899
996119
996757
997702
997947
1003995
1004152
1004509
1006694
1007582
1007919
1008104
1008155
1008847
1008959
1009760
1010172
1011769
1012293
1014905
1015758
1017407
1020171
1020193
1024451
1025142
1027044
1027337
1030811
1032522
1033386
1037678
1038669
1039576
1040904
1046152
1047102
1049362
1051106
1054139
1056594
1058290
1059469
1061926
1063852
1064570
1067080
1067418
1069087
1069840
1069954
1070051
1073641
1076949
1077190
1079551
1079902
1081267
1081456
1086140
1086337
1087165
1087397
1089199
1089560
1090700
1091716
1092198
1096632
1099959
1102899
1103021
1104232
1112362
1112481
1112670
1113923
1115046
1116205
1120609
1121776
1123066
1123570
1127700
1127748
1130267
1130274
1132070
1132949
1133492
1135030
1136146
1136166
1136635
1137803
1139017
1139781
1139955
1143274
1143336
1143423
1143812
1146873
1147262
1147526
1149142
1149607
1149816
1151605
1154522
1155582
1156432
1157484
1157523
1160271
1160426
1160549
1160630
1161061
1161063
1161706
1162797
1163416
1163875
1164291
1166645
1168868
1169227
1169487
1169962
1172045
1172725
1172960
1175329
1177237
1177842
1179260
1179530
1179833
1180279
1181491
1181581
1181950
1183001
1183529
1185061
1185229
1185676
1185812
1188386
1191821
1192700
1193288
1193754
1194853
1196461
1196664
1198126
1199798
1199984
1203135
1203642
1204116
1204421
1205257
1205258
1205773
1205921
1205932
1205956
1206026
1206053
1206100
1206187
1206341
1206355
1206419
1207654
1210001
1214063
1214317
1214326
1216175
1216239
1216243
1217336
1218570
1218635
1219026
1219170
1219243
1219280
1219290
1220100
1220114
1223294
1225206
1225568
1227051
1227103
1227631
1228087
1229074
1231174
1232637
1233140
1233367
1233600
1235396
1237129
1238652
1239117
1240343
1240892
1244392
1246009
1247989
1248109
1250966
1252020
1253243
1254751
1254754
1256039
1256127
1256198
1257009
1257185
1257306
1257639
1261216
1262010
1265267
1269831
1270425
1271477
1271647
1271979
1275092
1275373
1276011
1276847
1277244
1277456
1277516
1277921
1278428
1279241
1280194
1282892
1284298
1287203
1290079
1290820
1291018
1292039
1295083
1295192
1300774
1304103
1304237
1304902
1305482
1306182
1306583
1307216
1309422
1313204
1315150
1315919
1316222
1321648
1321662
1324009
1324965
1329459
1329945
1332100
1338450
1338518
1339813
1341214
1341394
1341417
1341572
1341866
1342310
1342455
1342476
1343119
1343346
1343838
1345729
1345785
1347131
1348056
1348383
1348426
1349308
1350890
1351149
1351316
1352731
1354142
1355211
1355640
1358191
1358939
1366492
1368008
1368031
1368593
1372166
1373666
1374169
1374268
1374547
1374638
1374909
1376454
1377177
1377178
1377420
1378511
1378708
1381437
1383290
1386059
1388412
1388745
1391032
1391804
1393203
1393702
1393789
1396658
1396948
1399818
1401460
1402551
1403585
1406715
1407744
1407885
1409587
1409826
1413376
1415370
1417960
1419580
1419986
1420874
1421211
1423311
1423393
1425703
1427579
1427684
1430562
1430602
1432847
1435812
1436917
1437154
1440815
1441117
1442144
1442832
1443409
1443712
1445317
1445448
1446805
1450157
1450627
1450888
1452437
1453339
1454340
1455299
1456091
1458303
1459453
1459878
1461258
1462261
1464236
1466041
1469140
1472366
1473646
1475246
1475671
1477107
1477620
1479960
1481100
1481751
1482581
1482886
1484682
1485095
1485320
1487737
1488923
1491430
1492900
1495083
1495286
1495320
1496564
1497876
1499386
1501508
1502817
1504691
1505177
1505487
1505545
1509070
1509131
1511671
1512218
1512744
1512793
1513284
1513544
1513780
1513803
1514160
1514223
1515860
1519111
1521064
1522161
1522513
1523534
1523629
1524667
1524866
1526442
1526811
1527043
1527053
1529088
1530418
1530446
1530718
1532011
1532074
1532258
1532344
1533280
1536055
1537025
1538575
1541444
1541833
1547467
1548554
1548639
1548641
1548866
1549043
1549135
1549169
1549170
1549232
1550809
1552528
1552530
1552533
1554200
1555969
1556439
1558579
1559856
1561250
1562495
1563171
1563310
1565157
1566431
1567904
1569043
1569201
1571622
1572227
1573882
1574649
1575600
1577024
1577852
1577902
1579019
1579036
1579109
1579426
1579993
1580884
1584133
1584226
1584281
1585800
1587096
1587643
1587661
1587676
1587710
1587715
1587950
1588112
1589405
1589513
1591062
1592706
1592790
1592965
1597680
1598423
1598483
1598523
1598566
1598740
1598840
1598908
1598960
1599002
1599004
1599008
1599016
1599017
1599022
1599380
1600049
1600434
1601902
1602127
1602656
1604320
1604361
1605200
1605920
1605956
1607255
1610660
1611250
1612130
1613377
1614069
1614647
1616690
1617520
1618096
1618995
1619055
1619071
1620063
1624427
1625032
1625045
1626828
1628936
1630453
1630518
1630725
1631178
1633391
1634769
1635769
1635967
1635969
1636365
1636534
1636666
1637525
1638724
1639508
1640098
1642850
1642875
1642947
1643162
1644880
1646081
1646086
1648776
1649184
1650641
1652968
1654303
1655090
1655871
1657373
1661291
1662501
1663586
1665261
1665902
1666251
1668130
1668813
1671198
1671842
1672212
1674957
1676111
1676807
1677493
1678758
1679768
1680012
1680148
1680956
1684231
1684746
1685900
1686348
1686996
1689543
1691767
1692166
1697145
1697615
1699046
1699548
1699994
1701578
1701590
1702043
1702241
1703568
1704410
1705077
1705816
1705881
1706314
1706535
1707357
1707739
1709868
1713172
1713535
1713888
1714787
1718011
1721295
1721529
1721630
1722731
1722952
1722982
1723598
1723743
1724622
1724850
1725797
1726986
1727539
1730876
1731083
1731359
1732457
1734697
1736618
1737055
1737904
1739651
1740274
1740331
1740552
1740863
1742814
1743471
1744410
1747415
1752705
1753548
1754494
1754954
1755233
1756856
1758390
1758609
1758747
1759431
1759651
1760690
1762243
1762382
1763208
1768470
1773379
1773448
1774061
1775753
1775844
1776235
1779293
1780390
1780456
1782198
1783048
1785100
1786547
1787399
1787551
1788877
1788943
1792555
1792670
1792967
1795080
1795888
1797211
1797300
1797365
1799966
1800299
1802987
1803024
1803291
1807634
1808331
1809184
1810742
1812660
1815643
1816961
1819543
1821055
1821106
1822906
1823005
1823107
1823128
1823140
1823151
1823302
1823500
1823619
1823649
1823671
1824318
1824460
1824462
1826735
1826759
1827351
1827789
1828126
1829437
1829704
1829725
1831474
1831923
1833909
1834456
1836464
1838669
1839270
1841268
1843283
1843649
1844160
1844335
1844748
1846778
1850647
1851119
1854466
1855210
1860137
1861120
1862237
1862548
1864594
1865527
1866972
1868993
1871085
1872033
1872785
1873733
1874740
1879355
1880180
1885234
1886221
1889027
1890243
1890244
1890364
1892076
1892559
1893654
1894738
1895123
1896223
1897187
1899127
1900006
1900227
1900555
1900827
1902730
1903673
1904373
1910405
1910870
1911082
1911289
1920611
1921299
1921815
1924039
1924059
1924097
1924494
1926696
1926909
1926948
1928719
1929998
1930080
1930413
1931970
1933778
1933895
1934293
1935401
1937233
1938619
1940329
1940719
1941699
1942617
1943188
1944319
1944362
1944887
1946114
1947401
1948743
1950291
1950308
1952987
1956575
1962036
1963524
1963836
1964037
1964422
1967497
1968342
1969688
1970335
1971193
1974638
1974673
1977147
1977878
1983606
1986084
1987171
1987172
1989988
1990699
1992257
1992477
1993415
1994237
1996633
1998872
1999222
1999715
2000231
2000695
2003124
2003490
2003590
2005374
2005615
2006018
2007166
2007300
2008372
2011747
2011750
2011824
2012977
2015320
2017391
2017943
2018620
2019996
2020396
2020721
2023404
2027550
2027769
2028535
2029217
2029403
2030097
2030803
2031830
2033094
2034022
2037548
2039330
2040521
2040883
2041351
2041494
2043197
2043287
2047765
2048890
2049869
2051791
2055222
2059735
2060909
2061910
2063944
2065194
2065488
2066263
2068592
2068669
2068909
2071867
2073473
2074399
2075505
2075959
2078232
2079831
2082311
2083652
2086135
2086382
2086969
2088761
2089181
2090355
2091848
2093618
2094112
2094305
2095800
2096406
2097873
2098862
2099415
2100523
2104127
2104840
2105674
2105745
2109150
2110433
2112830
2114696
2115263
2115264
2115793
2115815
2116013
2116146
2116424
2116451
2116505
2116580
2116644
2116646
2116669
2116695
2116718
2116779
2116827
2116829
2118142
2118275
2119007
2119365
2119392
2119468
2119639
2120873
2121126
2121305
2121378
2121898
2122206
2122352
2123779
2123869
2123920
2124175
2124300
2126590
2126601
2127362
2127363
2127823
2128571
2129477
2131753
2132052
2136331
2137189
2138711
2139675
2141005
2142058
2146772
2146897
2148356
2148809
2153275
2154646
2155013
2157242
2159412
2165098
2165386
2165927
2166535
2166647
2167319
2168173
2168287
2169165
2170547
2174865
2175587
2175970
2178328
2179164
2181587
2181893
2182111
2182349
2182647
2183936
2184897
2184965
2184984
2186579
2188686
2188747
2198651
2200103
2200732
2200962
2201792
2202139
2203382
2204005
2206360
2206639
2206714
2207077
2207236
2207245
2211668
2211942
2212267
2212489
2212536
2214348
2214645
2214876
2215739
2217277
2217970
2218521
2219070
2219155
2219757
2220113
2224340
2224536
2225356
2226060
2230788
2230820
2234495
2234720
2235048
2235172
2235810
2238117
2238191
2238472
2238662
2238680
2239127
2239468
2254419
2254583
2262702
2263547
2264148
2265716
2268391
2269376
2269401
2269447
2269690
2269824
2269826
2270815
2271752
2272122
2272449
2272951
2274434
2274765
2275439
2275440
2275455
2275463
2275508
2275512
2275549
2275921
2276294
2276651
2276655
2278551
2279187
2280185
2283226
2283379
2284675
2287295
2288705
2289728
2292331
2293008
2297562
2298949
2299577
2301200
2306782
2306998
2308594
2311044
2312059
2315081
2315582
2316170
2316360
2317492
2317622
2317784
2317831
2317911
2320316
2320540
2322095
2322490
2323836
2324509
2325190
2326714
2327454
2328525
2328799
2331520
2331588
2331908
2332176
2333779
2338948
2338977
2339095
2339217
2344305
2344787
2345191
2345732
2345803
2347173
2347320
2347504
2349067
2351523
2352947
2356697
2360921
2362361
2363369
2366829
2367360
2368085
2368493
2368720
2369366
2370349
2370912
2372112
2372418
2372491
2372721
2373753
2376085
2377771
2378007
2378341
2378802
2381779
2382085
2384195
2385941
2386469
2387115
2388071
2395657
2395822
2396326
2397601
2398086
2400652
2401543
2402139
2402997
2403054
2403643
2403853
2406425
2407473
2407516
2408447
2408840
2411498
2412858
2414869
2414989
2416227
2416605
2416769
2417069
2419201
2420126
2422007
2423927
2427364
2427412
2427443
2429300
2429792
2429821
2429864
2432980
2433268
2433329
2436784
2437853
2438226
2438827
2439366
2439595
2439726
2441339
2441881
2444740
2447312
2447621
2447980
2450951
2451917
2456545
2457082
2457978
2459760
2459766
2460095
2460212
2460215
2460533
2462051
2463848
2464064
2467763
2468130
2468622
2472049
2472818
2478932
2484242
2485821
2485841
2488887
2490097
2490943
2494215
2495453
2495686
2495954
2498059
2498281
2498354
2498455
2499090
2500011
2500299
2501116
2503289
2503470
2506063
2507976
2509206
2510735
2510853
2511365
2512037
2512159
2513400
2514213
2514965
2517097
2517282
2517350
2518840
2519447
2519784
2521135
2521778
2523524
2523711
2525948
2527082
2530222
2531394
2531544
2533820
2535269
2536090
2536266
2536347
2536962
2537727
2539154
2542188
2542313
2543079
2543084
2543936
2546077
2546170
2548109
2548300
2548729
2548873
2550032
2551216
2551394
2552116
2552747
2553176
2553774
2554252
2555060
2555453
2555810
2555923
2556538
2556563
2556701
2558686
2559921
2560781
2561800
2562238
2562756
2563750
2564872
2565615
2570925
2571583
2571870
2572072
2572529
2573449
2573743
2574004
2574108
2574284
2574596
2575511
2575956
2576853
2578333
2578827
2581866
2581883
2581920
2582189
2582322
2582353
2584343
2587051
2591427
2593808
2594098
2594633
2596867
2597711
2603327
2607277
2608183
2615224
2616930
2619119
2619127
2621590
2621908
2623016
2623440
2623640
2623960
2625283
2629972
2631775
2632077
2632374
2633249
2634931
2638726
2641194
2641647
2645244
2646662
2646699
2647177
2649043
2649677
2649949
2650240
2650853
2652828
2654119
2658494
2659841
2660408
2661084
2662629
2664632
2664695
2664776
2665671
2666554
2667677
2668771
2668847
2669071
2672257
2672637
2673557
2674917
2675649
2678287
2682294
2684275
2687402
2687804
2688830
2689259
2689587
2690899
2691121
2691476
2696232
2696779
2701788
2703473
2704470
2705830
2706236
2707478
2709172
2709401
2710194
2710302
2710423
2711942
2712197
2714879
2717037
2717118
2717888
2718354
2720482
2720817
2721297
2725896
2725968
2726121
2726930
2727296
2727651
2728267
2730961
2731405
2731478
2731686
2732377
2732942
2733216
2735875
2736012
2737095
2737436
2738087
2738813
2738900
2740225
2740652
2740755
2745079
2751496
2751783
2754215
2760367
2760404
2774057
2774283
2775050
2775723
2776078
2776147
2777727
2780145
2780953
2781723
2781728
2782332
2784324
2785776
2786909
2789815
2792939
2798477
2801445
2801889
2802569
2803181
2803787
2804451
2804726
2804885
2805348
2806821
2807979
2809105
2809785
2810868
2812642
2814758
2815232
2815502
2815676
2817799
2818521
2820167
2820654
2820655
2820656
2822967
2825422
2826131
2827271
2828495
2829367
2829906
2831723
2832041
2838887
2839065
2840165
2841192
2843919
2844968
2845168
2850226
2851387
2851461
2851579
2851713
2854570
2855182
2855821
2856387
2856500
2856679
2860582
2863106
2866817
2867052
2867642
2867851
2869871
2870763
2871947
2872026
2872203
2873412
2878040
2878485
2879598
2880896
2881087
2881650
2888080
2890313
2891138
2891256
2891530
2891700
2891869
2892788
2895502
2896740
2899295
2899577
2899715
2900276
2901641
2901714
2902257
2902314
2904369
2905322
2906377
2909350
2910071
2912402
2912632
2913149
2913396
2913441
2914614
2920676
2921353
2921632
2921694
2924106
2924808
2924859
2925514
2926565
2926722
2927083
2927102
2927187
2927205
2930072
2930363
2930507
2931202
2931257
2932122
2934067
2935685
2936401
2938733
2940623
2943033
2945493
2945700
2946021
2947025
2950529
2950563
2952411
2955901
2956317
2957254
2957971
2960680
2961785
2963977
2964999
2965921
2969119
2969168
2970026
2970425
2970579
2972847
2977121
2977226
2977229
2978023
2978374
2978507
2978799
2979682
2979916
2981212
2981377
2983776
2987190
2989514
2989976
2990150
2990918
2992340
2994248
2997476
2998017
2998109
2998179
2999372
2999976
3002428
3005207
3005681
3005741
3007670
3008043
3008360
3008941
3009181
3009823
3009987
3010945
3011122
3011418
3012247
3013762
3015988
3016175
3016895
3017804
3019188
3020036
3021250
3021965
3022315
3023991
3024082
3024249
3024336
3024730
3026300
3026376
3027662
3027769
3029333
3029450
3029596
3030632
3030727
3030802
3031636
3031870
3032858
3034343
3037783
3038605
3039197
3039310
3039509
3039755
3040275
3040868
3041900
3043419
3043758
3044265
3045347
3047105
3047644
3048201
3050544
3051065
3051292
3054016
3057114
3057124
3057161
3057870
3058277
3059634
3059918
3065601
3068704
3069575
3070616
3071352
3072035
3074972
3075458
3075776
3076050
3076110
3081021
3082353
3085193
3086507
3087916
3090636
3090640
3090722
3093876
3095327
3095361
3095601
3096072
3096477
3096969
3097168
3097403
3099556
3100797
3100920
3101129
3101554
3102548
3102778
3103147
3103229
3104142
3104486
3105757
3106332
3108130
3109982
3110631
3110858
3112669
3112924
3113891
3117348
3118984
3120057
3120966
3121982
3123507
3124475
3126730
3126760
3127552
3127994
3131795
3132639
3133744
3134278
3137320
3138490
3138592
3139593
3140183
3142179
3143619
3145253
3146655
3148092
3148817
3149323
3150703
3152531
3152586
3154514
3155315
3157666
3159208
3159408
3159732
3160051
3162040
3165254
3165426
3166984
3167412
3171910
3172543
3174359
3175296
3175318
3176737
3177411
3177698
3179300
3180137
3180456
3182112
3182203
3183835
3184305
3185228
3186280
3187164
3187492
3188090
3189772
3190542
3191237
3191340
3191366
3192594
3192859
3193208
3196669
3197135
3201250
3202695
3203925
3204135
3204731
3204901
3208467
3209115
3209198
3210192
3210280
3211048
3211162
3211438
3211817
3212353
3212666
3214328
3215290
3215535
3215779
3216212
3216290
3217941
3219733
3220028
3220147
3223166
3223758
3224351
3224891
3225420
3225435
3225640
3226274
3226394
3226780
3228985
3229045
3230822
3232232
3232317
3234517
3235177
3235179
3235880
3236238
3236296
3236317
3236707
3237133
3237159
3238806
3238891
3239038
3240111
3240327
3240476
3240593
3241125
3241182
3243595
3243610
3243648
3243731
3244445
3244458
3244559
3246122
3246288
3246728
3247123
3248199
3248325
3248674
3250524
3250819
3252519
3253079
3254219
3254358
3254860
3254880
3254905
3254973
3255088
3256240
3256572
3256677
3256991
3257070
3257087
3257133
3257718
3257810
3258006
3258199
3258245
3258639
3258645
3258764
3258858
3259018
3259494
3259659
3259775
3259776
3259791
3260610
3260614
3261005
3261297
3261316
3261758
3261811
3261824
3261877
3262000
3262657
3263442
3263569
3263810
3264361
3264617
3264829
3265004
3265026
3265157
3265736
3265832
3265883
3266842
3266977
3267537
3267576
3267618
3267975
3267980
3268009
3268026
3268175
